SEND 12345 0 512 10000 SYN 
RECV 4321 12346 512 10000 ACK SYN
SEND 12346 4322 512 10000 ACK 
SEND 12346 0 512 10000  
RECV 4322 12858 512 10000 ACK 
SEND 12858 0 1024 10000  
SEND 13370 0 1024 10000  
RECV 4322 13370 1024 10000 ACK 
RECV 4322 13882 1536 10000 ACK 
SEND 13882 0 2048 10000  
SEND 14394 0 2048 10000  
SEND 14906 0 2048 10000  
SEND 15418 0 2048 10000  
RECV 4322 14394 2048 10000 ACK 
RECV 4322 14906 2560 10000 ACK 
RECV 4322 15418 3072 10000 ACK 
RECV 4322 15930 3584 10000 ACK 
SEND 15930 0 4096 10000  
SEND 16442 0 4096 10000  
SEND 16954 0 4096 10000  
SEND 17466 0 4096 10000  
SEND 17978 0 4096 10000  
SEND 18490 0 4096 10000  
SEND 19002 0 4096 10000  
SEND 19514 0 4096 10000  
RECV 4322 16442 4096 10000 ACK 
RECV 4322 16954 4608 10000 ACK 
RECV 4322 17466 5120 10000 ACK 
RECV 4322 17978 5632 10000 ACK 
RECV 4322 18490 6144 10000 ACK 
RECV 4322 19002 6656 10000 ACK 
RECV 4322 19514 7168 10000 ACK 
RECV 4322 20026 7680 10000 ACK 
SEND 20026 0 8192 10000  
SEND 20538 0 8192 10000  
SEND 21050 0 8192 10000  
SEND 21562 0 8192 10000  
SEND 22074 0 8192 10000  
SEND 22586 0 8192 10000  
SEND 23098 0 8192 10000  
SEND 23610 0 8192 10000  
SEND 24122 0 8192 10000  
SEND 24634 0 8192 10000  
SEND 25146 0 8192 10000  
SEND 25658 0 8192 10000  
SEND 26170 0 8192 10000  
SEND 26682 0 8192 10000  
SEND 27194 0 8192 10000  
SEND 27706 0 8192 10000  
RECV 4322 20538 8192 10000 ACK 
RECV 4322 21050 8704 10000 ACK 
RECV 4322 21562 9216 10000 ACK 
RECV 4322 22074 9728 10000 ACK 
RECV 4322 22586 10240 10000 ACK 
RECV 4322 23098 10265 10000 ACK 
RECV 4322 23610 10290 10000 ACK 
RECV 4322 24122 10315 10000 ACK 
RECV 4322 24634 10340 10000 ACK 
RECV 4322 25146 10365 10000 ACK 
RECV 4322 25658 10390 10000 ACK 
RECV 4322 26170 10415 10000 ACK 
RECV 4322 26682 10440 10000 ACK 
RECV 4322 27194 10465 10000 ACK 
RECV 4322 27706 10490 10000 ACK 
RECV 4322 28218 10514 10000 ACK 
SEND 28218 0 10538 10000  
SEND 28730 0 10538 10000  
SEND 29242 0 10538 10000  
SEND 29754 0 10538 10000  
SEND 30266 0 10538 10000  
SEND 30778 0 10538 10000  
SEND 31290 0 10538 10000  
SEND 31802 0 10538 10000  
SEND 32314 0 10538 10000  
SEND 32826 0 10538 10000  
SEND 33338 0 10538 10000  
SEND 33850 0 10538 10000  
SEND 34362 0 10538 10000  
SEND 34874 0 10538 10000  
SEND 35386 0 10538 10000  
SEND 35898 0 10538 10000  
SEND 36410 0 10538 10000  
SEND 36922 0 10538 10000  
SEND 37434 0 10538 10000  
SEND 37946 0 10538 10000  
RECV 4322 28730 10538 10000 ACK 
RECV 4322 29242 10562 10000 ACK 
RECV 4322 29754 10586 10000 ACK 
RECV 4322 30266 10610 10000 ACK 
RECV 4322 30778 10634 10000 ACK 
RECV 4322 31290 10658 10000 ACK 
RECV 4322 31802 10682 10000 ACK 
RECV 4322 32314 10706 10000 ACK 
RECV 4322 32826 10730 10000 ACK 
RECV 4322 33338 10754 10000 ACK 
RECV 4322 33850 10778 10000 ACK 
RECV 4322 34362 10802 10000 ACK 
RECV 4322 34874 10826 10000 ACK 
RECV 4322 35386 10850 10000 ACK 
RECV 4322 35898 10874 10000 ACK 
RECV 4322 36410 10898 10000 ACK 
RECV 4322 36922 10922 10000 ACK 
RECV 4322 37434 10946 10000 ACK 
RECV 4322 37946 10969 10000 ACK 
RECV 4322 38458 10992 10000 ACK 
SEND 38458 0 11015 10000  
SEND 38970 0 11015 10000  
SEND 39482 0 11015 10000  
SEND 39994 0 11015 10000  
SEND 40506 0 11015 10000  
SEND 41018 0 11015 10000  
SEND 41530 0 11015 10000  
SEND 42042 0 11015 10000  
SEND 42554 0 11015 10000  
SEND 43066 0 11015 10000  
SEND 43578 0 11015 10000  
SEND 44090 0 11015 10000  
SEND 44602 0 11015 10000  
SEND 45114 0 11015 10000  
SEND 45626 0 11015 10000  
SEND 46138 0 11015 10000  
SEND 46650 0 11015 10000  
SEND 47162 0 11015 10000  
SEND 47674 0 11015 10000  
SEND 48186 0 11015 10000  
SEND 48698 0 11015 10000  
RECV 4322 38970 11015 10000 ACK 
RECV 4322 39482 11038 10000 ACK 
RECV 4322 39994 11061 10000 ACK 
RECV 4322 40506 11084 10000 ACK 
RECV 4322 41018 11107 10000 ACK 
RECV 4322 41530 11130 10000 ACK 
RECV 4322 42042 11153 10000 ACK 
RECV 4322 42554 11176 10000 ACK 
RECV 4322 43066 11199 10000 ACK 
RECV 4322 43578 11222 10000 ACK 
RECV 4322 44090 11245 10000 ACK 
RECV 4322 44602 11268 10000 ACK 
RECV 4322 45114 11291 10000 ACK 
RECV 4322 45626 11314 10000 ACK 
RECV 4322 46138 11337 10000 ACK 
RECV 4322 46650 11360 10000 ACK 
RECV 4322 47162 11383 10000 ACK 
RECV 4322 47674 11406 10000 ACK 
RECV 4322 48186 11428 10000 ACK 
RECV 4322 48698 11450 10000 ACK 
RECV 4322 49210 11472 10000 ACK 
SEND 49210 0 11494 10000  
SEND 49722 0 11494 10000  
SEND 50234 0 11494 10000  
SEND 50746 0 11494 10000  
SEND 51258 0 11494 10000  
SEND 51770 0 11494 10000  
SEND 52282 0 11494 10000  
SEND 52794 0 11494 10000  
SEND 53306 0 11494 10000  
SEND 53818 0 11494 10000  
SEND 54330 0 11494 10000  
SEND 54842 0 11494 10000  
SEND 55354 0 11494 10000  
SEND 55866 0 11494 10000  
SEND 56378 0 11494 10000  
SEND 56890 0 11494 10000  
SEND 57402 0 11494 10000  
SEND 57914 0 11494 10000  
SEND 58426 0 11494 10000  
SEND 58938 0 11494 10000  
SEND 59450 0 11494 10000  
SEND 59962 0 11494 10000  
RECV 4322 49722 11494 10000 ACK 
RECV 4322 50234 11516 10000 ACK 
RECV 4322 50746 11538 10000 ACK 
RECV 4322 51258 11560 10000 ACK 
RECV 4322 51770 11582 10000 ACK 
RECV 4322 52282 11604 10000 ACK 
RECV 4322 52794 11626 10000 ACK 
RECV 4322 53306 11648 10000 ACK 
RECV 4322 53818 11670 10000 ACK 
RECV 4322 54330 11692 10000 ACK 
RECV 4322 54842 11714 10000 ACK 
RECV 4322 55354 11736 10000 ACK 
RECV 4322 55866 11758 10000 ACK 
RECV 4322 56378 11780 10000 ACK 
RECV 4322 56890 11802 10000 ACK 
RECV 4322 57402 11824 10000 ACK 
RECV 4322 57914 11846 10000 ACK 
RECV 4322 58426 11868 10000 ACK 
RECV 4322 58938 11890 10000 ACK 
RECV 4322 59450 11912 10000 ACK 
RECV 4322 59962 11934 10000 ACK 
RECV 4322 60474 11955 10000 ACK 
SEND 60474 0 11976 10000  
SEND 60986 0 11976 10000  
SEND 61498 0 11976 10000  
SEND 62010 0 11976 10000  
SEND 62522 0 11976 10000  
SEND 63034 0 11976 10000  
SEND 63546 0 11976 10000  
SEND 64058 0 11976 10000  
SEND 64570 0 11976 10000  
SEND 65082 0 11976 10000  
SEND 65594 0 11976 10000  
SEND 66106 0 11976 10000  
SEND 66618 0 11976 10000  
SEND 67130 0 11976 10000  
SEND 67642 0 11976 10000  
SEND 68154 0 11976 10000  
SEND 68666 0 11976 10000  
SEND 69178 0 11976 10000  
SEND 69690 0 11976 10000  
SEND 70202 0 11976 10000  
SEND 70714 0 11976 10000  
SEND 71226 0 11976 10000  
SEND 71738 0 11976 10000  
RECV 4322 60986 11976 10000 ACK 
RECV 4322 61498 11997 10000 ACK 
RECV 4322 62010 12018 10000 ACK 
RECV 4322 62522 12039 10000 ACK 
RECV 4322 63034 12060 10000 ACK 
RECV 4322 63546 12081 10000 ACK 
RECV 4322 64058 12102 10000 ACK 
RECV 4322 64570 12123 10000 ACK 
RECV 4322 65082 12144 10000 ACK 
RECV 4322 65594 12165 10000 ACK 
RECV 4322 66106 12186 10000 ACK 
RECV 4322 66618 12207 10000 ACK 
RECV 4322 67130 12228 10000 ACK 
RECV 4322 67642 12249 10000 ACK 
RECV 4322 68154 12270 10000 ACK 
RECV 4322 68666 12291 10000 ACK 
RECV 4322 69178 12312 10000 ACK 
RECV 4322 69690 12333 10000 ACK 
RECV 4322 70202 12354 10000 ACK 
RECV 4322 70714 12375 10000 ACK 
RECV 4322 71226 12396 10000 ACK 
RECV 4322 71738 12417 10000 ACK 
RECV 4322 72250 12438 10000 ACK 
SEND 72250 0 12459 10000  
SEND 72762 0 12459 10000  
SEND 73274 0 12459 10000  
SEND 73786 0 12459 10000  
SEND 74298 0 12459 10000  
SEND 74810 0 12459 10000  
SEND 75322 0 12459 10000  
SEND 75834 0 12459 10000  
SEND 76346 0 12459 10000  
SEND 76858 0 12459 10000  
SEND 77370 0 12459 10000  
SEND 77882 0 12459 10000  
SEND 78394 0 12459 10000  
SEND 78906 0 12459 10000  
SEND 79418 0 12459 10000  
SEND 79930 0 12459 10000  
SEND 80442 0 12459 10000  
SEND 80954 0 12459 10000  
SEND 81466 0 12459 10000  
SEND 81978 0 12459 10000  
SEND 82490 0 12459 10000  
SEND 83002 0 12459 10000  
SEND 83514 0 12459 10000  
SEND 84026 0 12459 10000  
RECV 4322 72762 12459 10000 ACK 
RECV 4322 73274 12480 10000 ACK 
RECV 4322 73786 12501 10000 ACK 
RECV 4322 74298 12521 10000 ACK 
RECV 4322 74810 12541 10000 ACK 
RECV 4322 75322 12561 10000 ACK 
RECV 4322 75834 12581 10000 ACK 
RECV 4322 76346 12601 10000 ACK 
RECV 4322 76858 12621 10000 ACK 
RECV 4322 77370 12641 10000 ACK 
RECV 4322 77882 12661 10000 ACK 
RECV 4322 78394 12681 10000 ACK 
RECV 4322 78906 12701 10000 ACK 
RECV 4322 79418 12721 10000 ACK 
RECV 4322 79930 12741 10000 ACK 
RECV 4322 80442 12761 10000 ACK 
RECV 4322 80954 12781 10000 ACK 
RECV 4322 81466 12801 10000 ACK 
RECV 4322 81978 12821 10000 ACK 
RECV 4322 82490 12841 10000 ACK 
RECV 4322 83002 12861 10000 ACK 
RECV 4322 83514 12881 10000 ACK 
RECV 4322 84026 12901 10000 ACK 
RECV 4322 84538 12921 10000 ACK 
SEND 84538 0 12941 10000  
SEND 85050 0 12941 10000  
SEND 85562 0 12941 10000  
SEND 86074 0 12941 10000  
SEND 86586 0 12941 10000  
SEND 87098 0 12941 10000  
SEND 87610 0 12941 10000  
SEND 88122 0 12941 10000  
SEND 88634 0 12941 10000  
SEND 89146 0 12941 10000  
SEND 89658 0 12941 10000  
SEND 90170 0 12941 10000  
SEND 90682 0 12941 10000  
SEND 91194 0 12941 10000  
SEND 91706 0 12941 10000  
SEND 92218 0 12941 10000  
SEND 92730 0 12941 10000  
SEND 93242 0 12941 10000  
SEND 93754 0 12941 10000  
SEND 94266 0 12941 10000  
SEND 94778 0 12941 10000  
SEND 95290 0 12941 10000  
SEND 95802 0 12941 10000  
SEND 96314 0 12941 10000  
SEND 96826 0 12941 10000  
RECV 4322 85050 12941 10000 ACK 
RECV 4322 85562 12961 10000 ACK 
RECV 4322 86074 12981 10000 ACK 
RECV 4322 86586 13001 10000 ACK 
RECV 4322 87098 13021 10000 ACK 
RECV 4322 87610 13041 10000 ACK 
RECV 4322 88122 13061 10000 ACK 
RECV 4322 88634 13081 10000 ACK 
RECV 4322 89146 13101 10000 ACK 
RECV 4322 89658 13121 10000 ACK 
RECV 4322 90170 13140 10000 ACK 
RECV 4322 90682 13159 10000 ACK 
RECV 4322 91194 13178 10000 ACK 
RECV 4322 91706 13197 10000 ACK 
RECV 4322 92218 13216 10000 ACK 
RECV 4322 92730 13235 10000 ACK 
RECV 4322 93242 13254 10000 ACK 
RECV 4322 93754 13273 10000 ACK 
RECV 4322 94266 13292 10000 ACK 
RECV 4322 94778 13311 10000 ACK 
RECV 4322 95290 13330 10000 ACK 
RECV 4322 95802 13349 10000 ACK 
RECV 4322 96314 13368 10000 ACK 
RECV 4322 96826 13387 10000 ACK 
RECV 4322 97338 13406 10000 ACK 
SEND 97338 0 13425 10000  
SEND 97850 0 13425 10000  
SEND 98362 0 13425 10000  
SEND 98874 0 13425 10000  
SEND 99386 0 13425 10000  
SEND 99898 0 13425 10000  
SEND 100410 0 13425 10000  
SEND 100922 0 13425 10000  
SEND 101434 0 13425 10000  
SEND 101946 0 13425 10000  
SEND 57 0 13425 10000  
SEND 569 0 13425 10000  
SEND 1081 0 13425 10000  
SEND 1593 0 13425 10000  
SEND 2105 0 13425 10000  
SEND 2617 0 13425 10000  
SEND 3129 0 13425 10000  
SEND 3641 0 13425 10000  
SEND 4153 0 13425 10000  
SEND 4665 0 13425 10000  
SEND 5177 0 13425 10000  
SEND 5689 0 13425 10000  
SEND 6201 0 13425 10000  
SEND 6713 0 13425 10000  
SEND 7225 0 13425 10000  
SEND 7737 0 13425 10000  
RECV 4322 97850 13425 10000 ACK 
RECV 4322 98362 13444 10000 ACK 
RECV 4322 98874 13463 10000 ACK 
RECV 4322 99386 13482 10000 ACK 
RECV 4322 99898 13501 10000 ACK 
RECV 4322 100410 13520 10000 ACK 
RECV 4322 100922 13539 10000 ACK 
RECV 4322 101434 13558 10000 ACK 
RECV 4322 101946 13577 10000 ACK 
RECV 4322 57 13596 10000 ACK 
RECV 4322 569 13615 10000 ACK 
RECV 4322 1081 13634 10000 ACK 
RECV 4322 1593 13653 10000 ACK 
RECV 4322 2105 13672 10000 ACK 
RECV 4322 2617 13691 10000 ACK 
RECV 4322 3129 13710 10000 ACK 
RECV 4322 3641 13729 10000 ACK 
RECV 4322 4153 13748 10000 ACK 
RECV 4322 4665 13767 10000 ACK 
RECV 4322 5177 13786 10000 ACK 
RECV 4322 5689 13805 10000 ACK 
RECV 4322 6201 13823 10000 ACK 
RECV 4322 6713 13841 10000 ACK 
RECV 4322 7225 13859 10000 ACK 
RECV 4322 7737 13877 10000 ACK 
RECV 4322 8249 13895 10000 ACK 
SEND 8249 0 13913 10000  
SEND 8761 0 13913 10000  
SEND 9273 0 13913 10000  
SEND 9785 0 13913 10000  
SEND 10297 0 13913 10000  
SEND 10809 0 13913 10000  
SEND 11321 0 13913 10000  
SEND 11833 0 13913 10000  
SEND 12345 0 13913 10000  
SEND 12857 0 13913 10000  
SEND 13369 0 13913 10000  
SEND 13881 0 13913 10000  
SEND 14393 0 13913 10000  
SEND 14905 0 13913 10000  
SEND 15417 0 13913 10000  
SEND 15929 0 13913 10000  
SEND 16441 0 13913 10000  
SEND 16953 0 13913 10000  
SEND 17465 0 13913 10000  
SEND 17977 0 13913 10000  
SEND 18489 0 13913 10000  
SEND 19001 0 13913 10000  
SEND 19513 0 13913 10000  
SEND 20025 0 13913 10000  
SEND 20537 0 13913 10000  
SEND 21049 0 13913 10000  
SEND 21561 0 13913 10000  
RECV 4322 8761 13913 10000 ACK 
RECV 4322 9273 13931 10000 ACK 
RECV 4322 9785 13949 10000 ACK 
RECV 4322 10297 13967 10000 ACK 
RECV 4322 10809 13985 10000 ACK 
RECV 4322 11321 14003 10000 ACK 
RECV 4322 11833 14021 10000 ACK 
RECV 4322 12345 14039 10000 ACK 
RECV 4322 12857 14057 10000 ACK 
RECV 4322 13369 14075 10000 ACK 
RECV 4322 13881 14093 10000 ACK 
RECV 4322 14393 14111 10000 ACK 
RECV 4322 14905 14129 10000 ACK 
RECV 4322 15417 14147 10000 ACK 
RECV 4322 15929 14165 10000 ACK 
RECV 4322 16441 14183 10000 ACK 
RECV 4322 16953 14201 10000 ACK 
RECV 4322 17465 14219 10000 ACK 
RECV 4322 17977 14237 10000 ACK 
RECV 4322 18489 14255 10000 ACK 
RECV 4322 19001 14273 10000 ACK 
RECV 4322 19513 14291 10000 ACK 
RECV 4322 20025 14309 10000 ACK 
RECV 4322 20537 14327 10000 ACK 
RECV 4322 21049 14345 10000 ACK 
RECV 4322 21561 14363 10000 ACK 
RECV 4322 22073 14381 10000 ACK 
SEND 22073 0 14399 10000  
SEND 22585 0 14399 10000  
SEND 23097 0 14399 10000  
SEND 23609 0 14399 10000  
SEND 24121 0 14399 10000  
SEND 24633 0 14399 10000  
SEND 25145 0 14399 10000  
SEND 25657 0 14399 10000  
SEND 26169 0 14399 10000  
SEND 26681 0 14399 10000  
SEND 27193 0 14399 10000  
SEND 27705 0 14399 10000  
SEND 28217 0 14399 10000  
SEND 28729 0 14399 10000  
SEND 29241 0 14399 10000  
SEND 29753 0 14399 10000  
SEND 30265 0 14399 10000  
SEND 30777 0 14399 10000  
SEND 31289 0 14399 10000  
SEND 31801 0 14399 10000  
SEND 32313 0 14399 10000  
SEND 32825 0 14399 10000  
SEND 33337 0 14399 10000  
SEND 33849 0 14399 10000  
SEND 34361 0 14399 10000  
SEND 34873 0 14399 10000  
SEND 35385 0 14399 10000  
SEND 35897 0 14399 10000  
RECV 4322 22585 14399 10000 ACK 
RECV 4322 23097 14417 10000 ACK 
RECV 4322 23609 14435 10000 ACK 
RECV 4322 24121 14453 10000 ACK 
RECV 4322 24633 14471 10000 ACK 
RECV 4322 25145 14489 10000 ACK 
RECV 4322 25657 14507 10000 ACK 
RECV 4322 26169 14525 10000 ACK 
RECV 4322 26681 14543 10000 ACK 
RECV 4322 27193 14561 10000 ACK 
RECV 4322 27705 14579 10000 ACK 
RECV 4322 28217 14596 10000 ACK 
RECV 4322 28729 14613 10000 ACK 
RECV 4322 29241 14630 10000 ACK 
RECV 4322 29753 14647 10000 ACK 
RECV 4322 30265 14664 10000 ACK 
RECV 4322 30777 14681 10000 ACK 
RECV 4322 31289 14698 10000 ACK 
RECV 4322 31801 14715 10000 ACK 
RECV 4322 32313 14732 10000 ACK 
RECV 4322 32825 14749 10000 ACK 
RECV 4322 33337 14766 10000 ACK 
RECV 4322 33849 14783 10000 ACK 
RECV 4322 34361 14800 10000 ACK 
RECV 4322 34873 14817 10000 ACK 
RECV 4322 35385 14834 10000 ACK 
RECV 4322 35897 14851 10000 ACK 
RECV 4322 36409 14868 10000 ACK 
SEND 36409 0 14885 10000  
SEND 36921 0 14885 10000  
SEND 37433 0 14885 10000  
SEND 37945 0 14885 10000  
SEND 38457 0 14885 10000  
SEND 38969 0 14885 10000  
SEND 39481 0 14885 10000  
SEND 39993 0 14885 10000  
SEND 40505 0 14885 10000  
SEND 41017 0 14885 10000  
SEND 41529 0 14885 10000  
SEND 42041 0 14885 10000  
SEND 42553 0 14885 10000  
SEND 43065 0 14885 10000  
SEND 43577 0 14885 10000  
SEND 44089 0 14885 10000  
SEND 44601 0 14885 10000  
SEND 45113 0 14885 10000  
SEND 45625 0 14885 10000  
SEND 46137 0 14885 10000  
SEND 46649 0 14885 10000  
SEND 47161 0 14885 10000  
SEND 47673 0 14885 10000  
SEND 48185 0 14885 10000  
SEND 48697 0 14885 10000  
SEND 49209 0 14885 10000  
SEND 49721 0 14885 10000  
SEND 50233 0 14885 10000  
SEND 50745 0 14885 10000  
RECV 4322 36921 14885 10000 ACK 
RECV 4322 37433 14902 10000 ACK 
RECV 4322 37945 14919 10000 ACK 
RECV 4322 38457 14936 10000 ACK 
RECV 4322 38969 14953 10000 ACK 
RECV 4322 39481 14970 10000 ACK 
RECV 4322 39993 14987 10000 ACK 
RECV 4322 40505 15004 10000 ACK 
RECV 4322 41017 15021 10000 ACK 
RECV 4322 41529 15038 10000 ACK 
RECV 4322 42041 15055 10000 ACK 
RECV 4322 42553 15072 10000 ACK 
RECV 4322 43065 15089 10000 ACK 
RECV 4322 43577 15106 10000 ACK 
RECV 4322 44089 15123 10000 ACK 
RECV 4322 44601 15140 10000 ACK 
RECV 4322 45113 15157 10000 ACK 
RECV 4322 45625 15174 10000 ACK 
RECV 4322 46137 15191 10000 ACK 
RECV 4322 46649 15208 10000 ACK 
RECV 4322 47161 15225 10000 ACK 
RECV 4322 47673 15242 10000 ACK 
RECV 4322 48185 15259 10000 ACK 
RECV 4322 48697 15276 10000 ACK 
RECV 4322 49209 15293 10000 ACK 
RECV 4322 49721 15310 10000 ACK 
RECV 4322 50233 15327 10000 ACK 
RECV 4322 50745 15344 10000 ACK 
RECV 4322 51257 15361 10000 ACK 
SEND 51257 0 15378 10000  
SEND 51769 0 15378 10000  
SEND 52281 0 15378 10000  
SEND 52793 0 15378 10000  
SEND 53305 0 15378 10000  
SEND 53817 0 15378 10000  
SEND 54329 0 15378 10000  
SEND 54841 0 15378 10000  
SEND 55353 0 15378 10000  
SEND 55865 0 15378 10000  
SEND 56377 0 15378 10000  
SEND 56889 0 15378 10000  
SEND 57401 0 15378 10000  
SEND 57913 0 15378 10000  
SEND 58425 0 15378 10000  
SEND 58937 0 15378 10000  
SEND 59449 0 15378 10000  
SEND 59961 0 15378 10000  
SEND 60473 0 15378 10000  
SEND 60985 0 15378 10000  
SEND 61497 0 15378 10000  
SEND 62009 0 15378 10000  
SEND 62521 0 15378 10000  
SEND 63033 0 15378 10000  
SEND 63545 0 15378 10000  
SEND 64057 0 15378 10000  
SEND 64569 0 15378 10000  
SEND 65081 0 15378 10000  
SEND 65593 0 15378 10000  
SEND 66105 0 15378 10000  
RECV 4322 51769 15378 10000 ACK 
RECV 4322 52281 15395 10000 ACK 
RECV 4322 52793 15412 10000 ACK 
RECV 4322 53305 15429 10000 ACK 
RECV 4322 53817 15445 10000 ACK 
RECV 4322 54329 15461 10000 ACK 
RECV 4322 54841 15477 10000 ACK 
RECV 4322 55353 15493 10000 ACK 
RECV 4322 55865 15509 10000 ACK 
RECV 4322 56377 15525 10000 ACK 
RECV 4322 56889 15541 10000 ACK 
RECV 4322 57401 15557 10000 ACK 
RECV 4322 57913 15573 10000 ACK 
RECV 4322 58425 15589 10000 ACK 
RECV 4322 58937 15605 10000 ACK 
RECV 4322 59449 15621 10000 ACK 
RECV 4322 59961 15637 10000 ACK 
RECV 4322 60473 15653 10000 ACK 
RECV 4322 60985 15669 10000 ACK 
RECV 4322 61497 15685 10000 ACK 
RECV 4322 62009 15701 10000 ACK 
RECV 4322 62521 15717 10000 ACK 
RECV 4322 63033 15733 10000 ACK 
RECV 4322 63545 15749 10000 ACK 
RECV 4322 64057 15765 10000 ACK 
RECV 4322 64569 15781 10000 ACK 
RECV 4322 65081 15797 10000 ACK 
RECV 4322 65593 15813 10000 ACK 
RECV 4322 66105 15829 10000 ACK 
RECV 4322 66617 15845 10000 ACK 
SEND 66617 0 15861 10000  
SEND 67129 0 15861 10000  
SEND 67641 0 15861 10000  
SEND 68153 0 15861 10000  
SEND 68665 0 15861 10000  
SEND 69177 0 15861 10000  
SEND 69689 0 15861 10000  
SEND 70201 0 15861 10000  
SEND 70713 0 15861 10000  
SEND 71225 0 15861 10000  
SEND 71737 0 15861 10000  
SEND 72249 0 15861 10000  
SEND 72761 0 15861 10000  
SEND 73273 0 15861 10000  
SEND 73785 0 15861 10000  
SEND 74297 0 15861 10000  
SEND 74809 0 15861 10000  
SEND 75321 0 15861 10000  
SEND 75833 0 15861 10000  
SEND 76345 0 15861 10000  
SEND 76857 0 15861 10000  
SEND 77369 0 15861 10000  
SEND 77881 0 15861 10000  
SEND 78393 0 15861 10000  
SEND 78905 0 15861 10000  
SEND 79417 0 15861 10000  
SEND 79929 0 15861 10000  
SEND 80441 0 15861 10000  
SEND 80953 0 15861 10000  
SEND 81465 0 15861 10000  
RECV 4322 67129 15861 10000 ACK 
RECV 4322 67641 15877 10000 ACK 
RECV 4322 68153 15893 10000 ACK 
RECV 4322 68665 15909 10000 ACK 
RECV 4322 69177 15925 10000 ACK 
RECV 4322 69689 15941 10000 ACK 
RECV 4322 70201 15957 10000 ACK 
RECV 4322 70713 15973 10000 ACK 
RECV 4322 71225 15989 10000 ACK 
RECV 4322 71737 16005 10000 ACK 
RECV 4322 72249 16021 10000 ACK 
RECV 4322 72761 16037 10000 ACK 
RECV 4322 73273 16053 10000 ACK 
RECV 4322 73785 16069 10000 ACK 
RECV 4322 74297 16085 10000 ACK 
RECV 4322 74809 16101 10000 ACK 
RECV 4322 75321 16117 10000 ACK 
RECV 4322 75833 16133 10000 ACK 
RECV 4322 76345 16149 10000 ACK 
RECV 4322 76857 16165 10000 ACK 
RECV 4322 77369 16181 10000 ACK 
RECV 4322 77881 16197 10000 ACK 
RECV 4322 78393 16213 10000 ACK 
RECV 4322 78905 16229 10000 ACK 
RECV 4322 79417 16245 10000 ACK 
RECV 4322 79929 16261 10000 ACK 
RECV 4322 80441 16277 10000 ACK 
RECV 4322 80953 16293 10000 ACK 
RECV 4322 81465 16309 10000 ACK 
RECV 4322 81977 16325 10000 ACK 
SEND 81977 0 16341 10000  
SEND 82489 0 16341 10000  
SEND 83001 0 16341 10000  
SEND 83513 0 16341 10000  
SEND 84025 0 16341 10000  
SEND 84537 0 16341 10000  
SEND 85049 0 16341 10000  
SEND 85561 0 16341 10000  
SEND 86073 0 16341 10000  
SEND 86585 0 16341 10000  
SEND 87097 0 16341 10000  
SEND 87609 0 16341 10000  
SEND 88121 0 16341 10000  
SEND 88633 0 16341 10000  
SEND 89145 0 16341 10000  
SEND 89657 0 16341 10000  
SEND 90169 0 16341 10000  
SEND 90681 0 16341 10000  
SEND 91193 0 16341 10000  
SEND 91705 0 16341 10000  
SEND 92217 0 16341 10000  
SEND 92729 0 16341 10000  
SEND 93241 0 16341 10000  
SEND 93753 0 16341 10000  
SEND 94265 0 16341 10000  
SEND 94777 0 16341 10000  
SEND 95289 0 16341 10000  
SEND 95801 0 16341 10000  
SEND 96313 0 16341 10000  
SEND 96825 0 16341 10000  
SEND 97337 0 16341 10000  
RECV 4322 82489 16341 10000 ACK 
RECV 4322 83001 16357 10000 ACK 
RECV 4322 83513 16373 10000 ACK 
RECV 4322 84025 16389 10000 ACK 
RECV 4322 84537 16404 10000 ACK 
RECV 4322 85049 16419 10000 ACK 
RECV 4322 85561 16434 10000 ACK 
RECV 4322 86073 16449 10000 ACK 
RECV 4322 86585 16464 10000 ACK 
RECV 4322 87097 16479 10000 ACK 
RECV 4322 87609 16494 10000 ACK 
RECV 4322 88121 16509 10000 ACK 
RECV 4322 88633 16524 10000 ACK 
RECV 4322 89145 16539 10000 ACK 
RECV 4322 89657 16554 10000 ACK 
RECV 4322 90169 16569 10000 ACK 
RECV 4322 90681 16584 10000 ACK 
RECV 4322 91193 16599 10000 ACK 
RECV 4322 91705 16614 10000 ACK 
RECV 4322 92217 16629 10000 ACK 
RECV 4322 92729 16644 10000 ACK 
RECV 4322 93241 16659 10000 ACK 
RECV 4322 93753 16674 10000 ACK 
RECV 4322 94265 16689 10000 ACK 
RECV 4322 94777 16704 10000 ACK 
RECV 4322 95289 16719 10000 ACK 
RECV 4322 95801 16734 10000 ACK 
RECV 4322 96313 16749 10000 ACK 
RECV 4322 96825 16764 10000 ACK 
RECV 4322 97337 16779 10000 ACK 
RECV 4322 97849 16794 10000 ACK 
SEND 97849 0 16809 10000  
SEND 98361 0 16809 10000  
SEND 98873 0 16809 10000  
SEND 99385 0 16809 10000  
SEND 99897 0 16809 10000  
SEND 100409 0 16809 10000  
SEND 100921 0 16809 10000  
SEND 101433 0 16809 10000  
SEND 101945 0 16809 10000  
SEND 56 0 16809 10000  
SEND 568 0 16809 10000  
SEND 1080 0 16809 10000  
SEND 1592 0 16809 10000  
SEND 2104 0 16809 10000  
SEND 2616 0 16809 10000  
SEND 3128 0 16809 10000  
SEND 3640 0 16809 10000  
SEND 4152 0 16809 10000  
SEND 4664 0 16809 10000  
SEND 5176 0 16809 10000  
SEND 5688 0 16809 10000  
SEND 6200 0 16809 10000  
SEND 6712 0 16809 10000  
SEND 7224 0 16809 10000  
SEND 7736 0 16809 10000  
SEND 8248 0 16809 10000  
SEND 8760 0 16809 10000  
SEND 9272 0 16809 10000  
SEND 9784 0 16809 10000  
SEND 10296 0 16809 10000  
SEND 10808 0 16809 10000  
SEND 11320 0 16809 10000  
RECV 4322 98361 16809 10000 ACK 
RECV 4322 98873 16824 10000 ACK 
RECV 4322 99385 16839 10000 ACK 
RECV 4322 99897 16854 10000 ACK 
RECV 4322 100409 16869 10000 ACK 
RECV 4322 100921 16884 10000 ACK 
RECV 4322 101433 16899 10000 ACK 
RECV 4322 101945 16914 10000 ACK 
RECV 4322 56 16929 10000 ACK 
RECV 4322 568 16944 10000 ACK 
RECV 4322 1080 16959 10000 ACK 
RECV 4322 1592 16974 10000 ACK 
RECV 4322 2104 16989 10000 ACK 
RECV 4322 2616 17004 10000 ACK 
RECV 4322 3128 17019 10000 ACK 
RECV 4322 3640 17034 10000 ACK 
RECV 4322 4152 17049 10000 ACK 
RECV 4322 4664 17064 10000 ACK 
RECV 4322 5176 17079 10000 ACK 
RECV 4322 5688 17094 10000 ACK 
RECV 4322 6200 17109 10000 ACK 
RECV 4322 6712 17124 10000 ACK 
RECV 4322 7224 17139 10000 ACK 
RECV 4322 7736 17154 10000 ACK 
RECV 4322 8248 17169 10000 ACK 
RECV 4322 8760 17184 10000 ACK 
RECV 4322 9272 17199 10000 ACK 
RECV 4322 9784 17214 10000 ACK 
RECV 4322 10296 17229 10000 ACK 
RECV 4322 10808 17244 10000 ACK 
RECV 4322 11320 17259 10000 ACK 
RECV 4322 11832 17274 10000 ACK 
SEND 11832 0 17289 10000  
SEND 12344 0 17289 10000  
SEND 12856 0 17289 10000  
SEND 13368 0 17289 10000  
SEND 13880 0 17289 10000  
SEND 14392 0 17289 10000  
SEND 14904 0 17289 10000  
SEND 15416 0 17289 10000  
SEND 15928 0 17289 10000  
SEND 16440 0 17289 10000  
SEND 16952 0 17289 10000  
SEND 17464 0 17289 10000  
SEND 17976 0 17289 10000  
SEND 18488 0 17289 10000  
SEND 19000 0 17289 10000  
SEND 19512 0 17289 10000  
SEND 20024 0 17289 10000  
SEND 20536 0 17289 10000  
SEND 21048 0 17289 10000  
SEND 21560 0 17289 10000  
SEND 22072 0 17289 10000  
SEND 22584 0 17289 10000  
SEND 23096 0 17289 10000  
SEND 23608 0 17289 10000  
SEND 24120 0 17289 10000  
SEND 24632 0 17289 10000  
SEND 25144 0 17289 10000  
SEND 25656 0 17289 10000  
SEND 26168 0 17289 10000  
SEND 26680 0 17289 10000  
SEND 27192 0 17289 10000  
SEND 27704 0 17289 10000  
SEND 28216 0 17289 10000  
RECV 4322 12344 17289 10000 ACK 
RECV 4322 12856 17304 10000 ACK 
RECV 4322 13368 17319 10000 ACK 
RECV 4322 13880 17334 10000 ACK 
RECV 4322 14392 17349 10000 ACK 
RECV 4322 14904 17364 10000 ACK 
RECV 4322 15416 17379 10000 ACK 
RECV 4322 15928 17394 10000 ACK 
RECV 4322 16440 17409 10000 ACK 
RECV 4322 16952 17424 10000 ACK 
RECV 4322 17464 17439 10000 ACK 
RECV 4322 17976 17454 10000 ACK 
RECV 4322 18488 17469 10000 ACK 
RECV 4322 19000 17484 10000 ACK 
RECV 4322 19512 17498 10000 ACK 
RECV 4322 20024 17512 10000 ACK 
RECV 4322 20536 17526 10000 ACK 
RECV 4322 21048 17540 10000 ACK 
RECV 4322 21560 17554 10000 ACK 
RECV 4322 22072 17568 10000 ACK 
RECV 4322 22584 17582 10000 ACK 
RECV 4322 23096 17596 10000 ACK 
RECV 4322 23608 17610 10000 ACK 
RECV 4322 24120 17624 10000 ACK 
RECV 4322 24632 17638 10000 ACK 
RECV 4322 25144 17652 10000 ACK 
RECV 4322 25656 17666 10000 ACK 
RECV 4322 26168 17680 10000 ACK 
RECV 4322 26680 17694 10000 ACK 
RECV 4322 27192 17708 10000 ACK 
RECV 4322 27704 17722 10000 ACK 
RECV 4322 28216 17736 10000 ACK 
RECV 4322 28728 17750 10000 ACK 
SEND 28728 0 17764 10000  
SEND 29240 0 17764 10000  
SEND 29752 0 17764 10000  
SEND 30264 0 17764 10000  
SEND 30776 0 17764 10000  
SEND 31288 0 17764 10000  
SEND 31800 0 17764 10000  
SEND 32312 0 17764 10000  
SEND 32824 0 17764 10000  
SEND 33336 0 17764 10000  
SEND 33848 0 17764 10000  
SEND 34360 0 17764 10000  
SEND 34872 0 17764 10000  
SEND 35384 0 17764 10000  
SEND 35896 0 17764 10000  
SEND 36408 0 17764 10000  
SEND 36920 0 17764 10000  
SEND 37432 0 17764 10000  
SEND 37944 0 17764 10000  
SEND 38456 0 17764 10000  
SEND 38968 0 17764 10000  
SEND 39480 0 17764 10000  
SEND 39992 0 17764 10000  
SEND 40504 0 17764 10000  
SEND 41016 0 17764 10000  
SEND 41528 0 17764 10000  
SEND 42040 0 17764 10000  
SEND 42552 0 17764 10000  
SEND 43064 0 17764 10000  
SEND 43576 0 17764 10000  
SEND 44088 0 17764 10000  
SEND 44600 0 17764 10000  
SEND 45112 0 17764 10000  
SEND 45624 0 17764 10000  
RECV 4322 29240 17764 10000 ACK 
RECV 4322 29752 17778 10000 ACK 
RECV 4322 30264 17792 10000 ACK 
RECV 4322 30776 17806 10000 ACK 
RECV 4322 31288 17820 10000 ACK 
RECV 4322 31800 17834 10000 ACK 
RECV 4322 32312 17848 10000 ACK 
RECV 4322 32824 17862 10000 ACK 
RECV 4322 33336 17876 10000 ACK 
RECV 4322 33848 17890 10000 ACK 
RECV 4322 34360 17904 10000 ACK 
RECV 4322 34872 17918 10000 ACK 
RECV 4322 35384 17932 10000 ACK 
RECV 4322 35896 17946 10000 ACK 
RECV 4322 36408 17960 10000 ACK 
RECV 4322 36920 17974 10000 ACK 
RECV 4322 37432 17988 10000 ACK 
RECV 4322 37944 18002 10000 ACK 
RECV 4322 38456 18016 10000 ACK 
RECV 4322 38968 18030 10000 ACK 
RECV 4322 39480 18044 10000 ACK 
RECV 4322 39992 18058 10000 ACK 
RECV 4322 40504 18072 10000 ACK 
RECV 4322 41016 18086 10000 ACK 
RECV 4322 41528 18100 10000 ACK 
RECV 4322 42040 18114 10000 ACK 
RECV 4322 42552 18128 10000 ACK 
RECV 4322 43064 18142 10000 ACK 
RECV 4322 43576 18156 10000 ACK 
RECV 4322 44088 18170 10000 ACK 
RECV 4322 44600 18184 10000 ACK 
RECV 4322 45112 18198 10000 ACK 
RECV 4322 45624 18212 10000 ACK 
RECV 4322 46136 18226 10000 ACK 
SEND 46136 0 18240 10000  
SEND 46648 0 18240 10000  
SEND 47160 0 18240 10000  
SEND 47672 0 18240 10000  
SEND 48184 0 18240 10000  
SEND 48696 0 18240 10000  
SEND 49208 0 18240 10000  
SEND 49720 0 18240 10000  
SEND 50232 0 18240 10000  
SEND 50744 0 18240 10000  
SEND 51256 0 18240 10000  
SEND 51768 0 18240 10000  
SEND 52280 0 18240 10000  
SEND 52792 0 18240 10000  
SEND 53304 0 18240 10000  
SEND 53816 0 18240 10000  
SEND 54328 0 18240 10000  
SEND 54840 0 18240 10000  
SEND 55352 0 18240 10000  
SEND 55864 0 18240 10000  
SEND 56376 0 18240 10000  
SEND 56888 0 18240 10000  
SEND 57400 0 18240 10000  
SEND 57912 0 18240 10000  
RECV 4322 46648 18240 10000 ACK 
RECV 4322 47160 18254 10000 ACK 
RECV 4322 47672 18268 10000 ACK 
RECV 4322 48184 18282 10000 ACK 
RECV 4322 48696 18296 10000 ACK 
RECV 4322 49208 18310 10000 ACK 
RECV 4322 49720 18324 10000 ACK 
RECV 4322 50232 18338 10000 ACK 
RECV 4322 50744 18352 10000 ACK 
RECV 4322 51256 18366 10000 ACK 
RECV 4322 51768 18380 10000 ACK 
RECV 4322 52280 18394 10000 ACK 
RECV 4322 52792 18408 10000 ACK 
RECV 4322 53304 18422 10000 ACK 
RECV 4322 53816 18436 10000 ACK 
RECV 4322 54328 18450 10000 ACK 
RECV 4322 54840 18464 10000 ACK 
RECV 4322 55352 18478 10000 ACK 
RECV 4322 55864 18492 10000 ACK 
RECV 4322 56376 18506 10000 ACK 
RECV 4322 56888 18520 10000 ACK 
RECV 4322 57400 18534 10000 ACK 
RECV 4322 57912 18548 10000 ACK 
RECV 4322 57968 18562 10000 ACK 
SEND 57968 0 18576 10000 FIN 
RECV 4322 57969 18576 10000 ACK FIN
SEND 57969 4323 18576 10000 ACK 